-0.168692
-1.100568
0.862371
-0.856448
0.884640
-0.394446
-0.997035
-1.506882
-1.145502
0.011863
-0.668400
-0.301002
-1.006374
-0.969355
-0.208317
-0.645554
1.192664
-0.624715
-0.871035
-0.520145
0.229708
0.510895
0.955950
-0.206554
1.323503
-1.470242
-1.022156
-0.282685
-0.805972
0.289026
-1.009543
-0.740499
2.235743
1.041312
-0.428668
0.550424
2.648755
-1.106550
1.465631
-1.780083
-2.071498
-0.337211
0.761627
0.584980
0.775586
0.052921
-0.770807
-0.499066
-1.168315
-0.347475
0.689851
0.533422
1.163759
1.267527
-1.999276
-0.441552
-0.144139
-0.549179
-1.052342
0.827021
0.252493
-1.413054
0.519503
-0.915720
0.717570
-0.487337
-0.733916
-0.505271
-2.454139
-0.205000
0.945580
1.221222
-0.190844
-0.527746
0.396484
-0.892141
-0.794133
0.492912
0.777594
0.116685
1.633400
0.961161
-0.656865
-0.401419
0.002875
0.931852
0.034975
-1.443773
1.816432
0.911090
-1.214248
0.793070
-0.500705
1.787092
-0.236186
-0.522176
0.464852
-0.976794
-0.294866
-0.283903
