-0.9352
0.11962
0.856442
1.42533
1.46494
0.752495
1.09855
0.465409
-0.293237
-0.20392
0.19982
-1.11805
-0.40722
0.285934
0.0580242
-0.70713
-1.86796
-0.775215
-0.200865
-0.242586
-0.987815
-0.0199861
0.945441
0.63414
0.197568
0.6672
1.78154
0.99589
1.4481
1.59037
1.33862
0.595354
-0.817927
-0.0332359
-1.60857
-1.5281
-0.0984362
-1.23835
-1.77993
0.193816
-0.601873
-0.258532
-0.552577
0.215674
0.746174
0.960184
1.9395
1.65031
0.710558
1.43465
1.32419
1.28034
0.290254
-0.830459
-0.887222
-1.07629
-1.25567
-1.29096
-1.72266
-0.259582
-0.718687
0.363791
-0.758374
-0.228077
0.194315
1.43454
0.201474
0.487425
0.0179929
1.28475
1.52856
1.24172
1.27575
-0.819578
0.434764
-0.285975
-0.935995
-0.707987
-0.0409156
-0.0579855
-0.200078
-0.986579
-0.0438966
0.369354
0.0856081
-0.140242
0.194035
0.517733
0.444785
0.102394
0.850376
0.433428
1.48938
1.33655
0.457165
-1.01566
0.129911
-0.3733
-0.904355
-0.0924871
-1.26193
-1.54062
-0.461861
0.466459
0.0906475
0.0386745
0.3681
0.123155
1.00596
1.92258
0.430712
0.501129
0.141066
0.731655
-0.300349
-0.847112
0.708288
-0.476362
-0.0714967
-0.822567
-0.532579
-1.6504
-0.258704
-1.42414
0.345654
-0.843799
-0.770783
0.908036
-0.323803
0.802451
0.614095
0.523747
1.76471
-0.0427266
0.62646
0.907651
-0.0544067
-1.1822
0.0727108
-0.950983
-1.15322
-1.68099
-0.332887
-1.58594
-0.491611
-0.940115
0.158511
0.284531
-0.0442381
0.333556
0.188104
0.400942
1.0897
0.857429
0.395152
0.490597
0.832156
-0.903413
-0.516215
-1.18817
-1.27265
-0.448117
-0.856521
-1.0283
-1.52032
-1.66369
-0.539854
-0.479828
-0.0582878
0.875673
-0.248671
1.67232
0.738216
1.76887
0.204879
0.996305
0.870068
0.504072
-0.616025
0.676046
-1.05269
-0.164509
-1.46005
-1.60947
-1.16553
-0.0715596
-0.253763
-0.638066
-1.11552
0.897355
0.780265
-0.0402871
1.85349
1.69601
0.0814587
0.673766
0.799536
0.455877
0.198902
-0.541939
0.0131894
-0.536354
0.160556
-1.23882
-1.89624
-1.48319
-1.02875
-0.285449
-0.556555
-0.0233714
0.938356
0.705633
1.6389
0.293109
0.210337
0.107365
0.92269
-0.118654
-0.43327
-0.579749
-0.514551
-0.392981
-1.05996
-0.948255
-0.0233315
-0.710821
-1.67477
-1.1604
0.0315536
-0.755325
0.541315
0.154309
0.0065744
-0.192602
0.821685
1.87058
0.76709
0.189153
0.36004
0.282329
0.876023
-0.567155
-0.601761
0.152506
-1.36704
-1.71507
-0.442124
-0.0277815
-1.45701
-1.13616
0.261718
-0.0888658
-0.23109
0.564684
1.70179
1.18081
1.63305
1.11093
0.623257
1.26372
0.618078
0.684224
-0.930347
-0.601346
-0.838362
-1.1337
-0.832747
-0.398544
-1.30882
-0.0644814
-0.664888
-0.564629
-0.213319
-0.139346
-0.482543
1.25998
0.597786
1.39694
1.403
1.1137
0.41449
1.38098
0.585258
-0.487422
-0.698731
-0.413356
0.0746784
-1.45685
-1.51668
-1.12449
-1.81022
-1.37324
0.43603
0.866451
0.921438
0.71959
0.444069
-0.0835946
0.904449
0.188782
0.556897
0.468253
-0.313554
0.446029
-0.475975
-1.24951
0.0237267
-0.351412
-0.101585
-0.506035
-0.178182
-0.433922
-0.0296173
0.391689
-0.221861
0.183955
0.937379
0.847344
0.339769
0.599878
1.23369
1.67884
1.42751
0.495472
0.265242
0.152498
-0.133585
-1.03941
-1.48757
-1.06365
-0.0728068
-0.554211
-0.379896
-1.01892
-0.497056
-0.45896
0.0888014
0.534619
0.573106
1.81837
1.52103
1.59122
1.18543
0.895669
0.396865
0.116703
-0.691498
0.467255
-0.942862
-0.688179
-1.91334
-1.1049
-1.55307
-0.802344
-1.56996
0.329992
0.27605
-0.640627
0.371408
0.592953
1.82832
1.24109
1.62647
1.06547
-0.0747705
1.18973
-0.482186
0.543543
0.180813
-1.27813
-1.19345
-0.946549
-0.594203
-1.70857
0.0648321
-0.353741
0.107026
-0.882236
1.13366
-0.0790605
1.73888
-0.0190987
0.0616799
1.18214
1.43136
0.279096
0.483469
-0.366918
-1.01858
-0.134408
0.306102
-0.183079
-0.823088
-0.582828
-0.914804
0.0472294
0.0199405
0.372444
-0.394422
0.656672
1.14411
0.288286
1.50182
0.814584
1.60204
1.12891
0.170572
-0.227511
-0.75869
-0.80245
0.299396
-0.734875
0.0393403
-1.30875
-0.149171
-0.108077
0.155045
-1.14532
-0.23026
0.270486
-0.420009
1.50542
0.838767
0.153974
0.959405
0.702162
1.61472
0.908161
1.25469
0.437904
-0.919573
-0.870869
-0.672154
-0.373791
-0.936635
-1.35963
-1.13059
-0.0200252
-0.919835
0.615409
-0.0082164
1.07082
-0.158942
0.77462
1.77546
0.0820436
0.238214
0.488593
1.30377
1.14859
0.713769
0.688158
-0.6517
-1.28993
-1.01867
-0.701242
-0.690115
0.0561551
-0.956883
0.2876
0.603848
-0.400034
-0.230956
0.855826
1.36444
1.11988
0.1841
0.0617941
0.315628
1.08719
-0.420929
0.249708
0.536848
0.375008
-1.6069
-1.4597
-1.87407
-0.156317
-1.85604
-0.598433
-1.02232
-0.478549
-0.648271
1.03777
0.227118
1.35773
1.49373
1.25877
1.1727
0.52783
-0.306556
-0.405646
0.202127
0.499203
-0.657742
-0.717167
-1.82367
-0.761416
-1.11244
-1.87099
