-0.168692
-0.791551
1.45016
-0.04743
1.8357
0.605554
-0.045979
-0.697866
-0.557719
0.320877
-0.668403
-0.610022
-1.59416
-1.77838
-1.15938
-1.64555
0.241609
-1.43373
-1.45881
-0.829156
0.229715
0.819919
1.54374
0.602468
2.27456
-0.470242
-0.071102
0.526327
-0.218194
0.598034
-1.00955
-1.04953
1.64795
0.232289
-1.37973
-0.449576
1.6977
-1.91556
0.877856
-2.08909
-2.07149
-0.028181
1.34942
1.394
1.72665
1.05292
0.180245
0.309942
-0.580543
-0.038474
0.689834
0.224389
0.57596
0.4585
-2.95034
-1.44155
-1.09519
-1.35818
-1.64011
0.518023
0.252513
-1.10402
1.10731
-0.106691
1.66863
0.512663
0.217134
0.303733
-1.86637
0.103995
0.945557
0.912182
-0.778649
-1.33678
-0.55458
-1.89214
-1.74518
-0.31609
0.18983
-0.192307
1.63343
1.2702
-0.069058
0.407614
0.95394
1.93185
0.986023
-0.634773
2.40419
1.22008
-1.21428
0.484024
-1.08852
0.978057
-1.18725
-1.52218
-0.486195
-1.78579
-0.882625
-0.592888
