0.0000000
0.2955202
0.5646425
0.7833269
0.9320391
0.9974950
0.9738476
0.8632094
0.6754632
0.4273799
0.1411200
-0.1577457
-0.4425204
-0.6877662
-0.8715758
-0.9775301
-0.9961646
-0.9258147
-0.7727645
-0.5506855
-0.2794155
0.0168139
0.3115414
0.5784398
0.7936679
0.9380000
0.9985433
0.9698898
0.8545989
0.6629692
0.4121185
0.1244544
-0.1743268
-0.4575359
-0.6998747
-0.8796958
-0.9809362
-0.9945526
-0.9193285
-0.7619836
-0.5365729
-0.2632318
0.0336230
0.3274744
0.5920735
0.8037844
0.9436957
0.9993094
0.9656578
0.8457468
0.6502878
0.3967406
0.1077537
-0.1908586
-0.4724220
-0.7117853
-0.8875670
-0.9840650
-0.9926594
-0.9125824
-0.7509872
-0.5223086
-0.2469737
0.0504227
0.3433149
0.6055399
0.8136737
0.9491246
0.9997929
0.9611527
0.8366556
0.6374226
0.3812505
0.0910224
-0.2073364
-0.4871745
-0.7234948
-0.8951874
-0.9869156
-0.9904855
-0.9055784
-0.7397786
-0.5078966
-0.2306457
0.0672081
0.3590584
0.6188350
0.8233330
0.9542851
0.9999937
0.9563759
0.8273279
0.6243771
0.3656526
0.0742654
-0.2237556
-0.5017893
-0.7349996
-0.9025546
-0.9894871
-0.9880316
-0.8983182
-0.7283608
-0.4933410
-0.2142525
0.0839745
0.3747003
0.6319552
0.8327595
0.9591758
0.9999119
0.9513287
0.8177663
0.6111551
0.3499514
0.0574875
-0.2401116
-0.5162622
-0.7462967
-0.9096667
-0.9917789
-0.9852984
-0.8908041
-0.7167370
-0.4786459
-0.1977988
0.1007171
0.3902362
0.6448967
0.8419505
0.9637954
0.9995473
0.9460126
0.8079734
0.5977604
0.3341512
0.0406933
-0.2563997
-0.5305892
-0.7573827
-0.9165215
-0.9937902
-0.9822866
-0.8830382
-0.7049106
-0.4638155
-0.1812891
0.1174313
0.4056619
0.6576559
0.8509035
0.9681424
0.9989001
0.9404290
0.7979521
0.5841966
0.3182565
0.0238875
-0.2726153
-0.5447661
-0.7682547
-0.9231173
-0.9955206
-0.9789970
-0.8750226
-0.6928850
-0.4488540
-0.1647282
0.1341122
0.4209728
0.6702292
0.8596159
0.9722158
0.9979705
0.9345795
0.7877052
0.5704676
0.3022719
0.0070751
-0.2887538
-0.5587890
-0.7789094
-0.9294521
-0.9969696
-0.9754307
-0.8667596
-0.6806634
-0.4337655
-0.1481207
0.1507553
0.4361648
0.6826129
0.8680853
0.9760143
0.9967587
0.9284657
0.7772356
0.5565774
0.2862018
-0.0097394
-0.3048106
-0.5726540
-0.7893439
-0.9355240
-0.9981366
-0.9715886
-0.8582515
-0.6682494
-0.4185545
-0.1314714
0.1673557
0.4512334
0.6948037
0.8763093
0.9795368
0.9952652
0.9220895
0.7665463
0.5425298
0.2700507
-0.0265512
-0.3207813
-0.5863570
-0.7995552
-0.9413315
-0.9990215
-0.9674718
-0.8495008
-0.6556464
-0.4032251
-0.1147848
0.1839088
0.4661744
0.7067980
0.8842855
0.9827824
0.9934902
0.9154525
0.7556402
0.5283288
0.2538234
-0.0433554
-0.3366613
-0.5998943
-0.8095405
-0.9468729
-0.9996239
-0.9630815
-0.8405099
-0.6428581
-0.3877816
-0.0980658
0.2004099
0.4809836
0.7185925
0.8920117
0.9857501
0.9914344
0.9085568
0.7445205
0.5139785
0.2375242
-0.0601473
-0.3524461
-0.6132619
-0.8192969
-0.9521465
-0.9999437
-0.9584189
-0.8312814
-0.6298880
-0.3722286
-0.0813191
0.2168544
0.4956569
0.7301839
0.8994857
0.9884391
0.9890982
0.9014042
0.7331903
0.4994828
0.2211579
-0.0769223
-0.3681313
-0.6264562
-0.8288216
-0.9571509
-0.9999808
-0.9534853
-0.8218178
-0.6167398
-0.3565703
-0.0645494
0.2332375
0.5101900
0.7415687
0.9067054
0.9908487
0.9864824
0.8939967
0.7216528
0.4848459
0.2047291
-0.0936755
-0.3837124
-0.6394733
-0.8381121
-0.9618848
-0.9997351
-0.9482821
-0.8121219
-0.6034173
-0.3408112
-0.0477614
0.2495547
0.5245789
0.7527440
0.9136687
0.9929781
0.9835877
0.8863364
0.7099113
0.4700719
0.1882424
-0.1104022
-0.3991850
-0.6523097
-0.8471655
-0.9663466
-0.9992068
-0.9428109
-0.8021964
-0.5899242
-0.3249557
-0.0309600
0.2658014
0.5388194
0.7637064
0.9203737
0.9948268
0.9804150
0.8784256
0.6979691
0.4551650
0.1717025
-0.1270977
-0.4145447
-0.6649616
-0.8559795
-0.9705353
-0.9983960
-0.9370730
-0.7920441
-0.5762642
-0.3090084
-0.0141497
0.2819728
0.5529077
0.7744529
0.9268185
0.9963942
0.9769650
0.8702664
0.6858295
0.4401295
0.1551140
-0.1437573
-0.4297872
-0.6774255
-0.8645514
-0.9744495
-0.9973030
-0.9310703
-0.7816679
-0.5624414
-0.2929737
0.0026645
0.2980646
0.5668395
0.7849804
0.9330013
0.9976799
0.9732388
0.8618612
0.6734960
0.4249695
0.1384817
-0.1603762
-0.4449083
-0.6896979
-0.8728790
-0.9780883
-0.9959279
-0.9248043
-0.7710706
-0.5484595
-0.2768562
0.0194779
0.3140721
0.5806112
0.7952860
0.9389202
0.9986836
0.9692375
0.8532122
0.6609721
0.4096893
0.1218102
-0.1769498
-0.4599035
-0.7017753
-0.8809597
-0.9814505
-0.9942713
-0.9182768
-0.7602554
-0.5343226
-0.2606604
0.0362859
0.3299908
0.5942187
0.8053667
0.9445738
0.9994048
0.9649621
0.8443221
0.6482614
0.3942934
0.1051043
-0.1934734
-0.4747687
-0.7136543
-0.8887913
-0.9845353
-0.9923336
-0.9114897
-0.7492252
-0.5200346
-0.2443909
0.0530836
0.3458162
0.6076581
0.8152198
0.9499602
0.9998436
0.9604139
0.8351933
0.6353673
0.3787859
0.0883687
-0.2099423
-0.4894997
-0.7253315
-0.8963717
-0.9873417
-0.9901153
-0.9044449
-0.7379832
-0.5055996
-0.2280523
0.0698663
0.3615439
0.6209258
0.8248423
0.9550781
0.9999996
0.9555941
0.8258283
0.6222936
0.3631714
0.0716081
-0.2263518
-0.5040923
-0.7368037
-0.9036987
-0.9898689
-0.9876171
-0.8971444
-0.7265325
-0.4910216
-0.2116492
0.0866292
0.3771693
0.6340179
0.8342317
0.9599260
0.9998729
0.9505042
0.8162298
0.6090440
0.3474541
0.0548272
-0.2426973
-0.5185423
-0.7480675
-0.9107701
-0.9921163
-0.9848397
-0.8895903
